 1 1 1 1 19 1 1 1
 2 1 1 2 25 2 1 2
 3 1 1 3 7 4 1 3
 4 1 1 4 14 3 1 4
 5 1 1 5 11 1 1 5
 6 1 1 6 20 2 1 6
 7 1 1 7 21 4 1 7
 8 1 1 8 28 3 1 8
 9 1 1 9 12 1 1 9
 10 1 1 10 17 2 1 10
 11 1 2 1 19 2 2 1
 12 1 2 2 25 3 2 2
 13 1 2 3 7 1 2 3
 14 1 2 4 14 4 2 4
 15 1 2 5 11 2 2 5
 16 1 2 6 20 3 2 6
 17 1 2 7 21 1 2 7
 18 1 2 8 28 4 2 8
 19 1 2 9 12 2 2 9
 20 1 2 10 17 3 2 10
 21 1 3 1 19 4 3 1
 22 1 3 2 25 1 3 2
 23 1 3 3 7 3 3 3
 24 1 3 4 14 2 3 4
 25 1 3 5 11 4 3 5
 26 1 3 6 20 1 3 6
 27 1 3 7 21 3 3 7
 28 1 3 8 28 2 3 8
 29 1 3 9 12 4 3 9
 30 1 3 10 17 1 3 10
 31 1 4 1 19 3 4 1
 32 1 4 2 25 4 4 2
 33 1 4 3 7 2 4 3
 34 1 4 4 14 1 4 4
 35 1 4 5 11 3 4 5
 36 1 4 6 20 4 4 6
 37 1 4 7 21 2 4 7
 38 1 4 8 28 1 4 8
 39 1 4 9 12 3 4 9
 40 1 4 10 17 4 4 10
 41 2 5 1 22 2 1 11
 42 2 5 2 27 3 1 12
 43 2 5 3 6 1 1 13
 44 2 5 4 15 4 1 14
 45 2 5 5 9 2 1 15
 46 2 5 6 30 3 1 16
 47 2 5 7 2 1 1 17
 48 2 5 8 29 4 1 18
 49 2 5 9 18 2 1 19
 50 2 5 10 26 3 1 20
 51 2 6 1 22 4 2 11
 52 2 6 2 27 1 2 12
 53 2 6 3 6 3 2 13
 54 2 6 4 15 2 2 14
 55 2 6 5 9 4 2 15
 56 2 6 6 30 1 2 16
 57 2 6 7 2 3 2 17
 58 2 6 8 29 2 2 18
 59 2 6 9 18 4 2 19
 60 2 6 10 26 1 2 20
 61 2 7 1 22 3 3 11
 62 2 7 2 27 4 3 12
 63 2 7 3 6 2 3 13
 64 2 7 4 15 1 3 14
 65 2 7 5 9 3 3 15
 66 2 7 6 30 4 3 16
 67 2 7 7 2 2 3 17
 68 2 7 8 29 1 3 18
 69 2 7 9 18 3 3 19
 70 2 7 10 26 4 3 20
 71 2 8 1 22 1 4 11
 72 2 8 2 27 2 4 12
 73 2 8 3 6 4 4 13
 74 2 8 4 15 3 4 14
 75 2 8 5 9 1 4 15
 76 2 8 6 30 2 4 16
 77 2 8 7 2 4 4 17
 78 2 8 8 29 3 4 18
 79 2 8 9 18 1 4 19
 80 2 8 10 26 2 4 20
 81 3 9 1 1 4 1 21
 82 3 9 2 23 1 1 22
 83 3 9 3 3 3 1 23
 84 3 9 4 5 2 1 24
 85 3 9 5 16 4 1 25
 86 3 9 6 13 1 1 26
 87 3 9 7 24 3 1 27
 88 3 9 8 4 2 1 28
 89 3 9 9 10 4 1 29
 90 3 9 10 8 1 1 30
 91 3 10 1 1 3 2 21
 92 3 10 2 23 4 2 22
 93 3 10 3 3 2 2 23
 94 3 10 4 5 1 2 24
 95 3 10 5 16 3 2 25
 96 3 10 6 13 4 2 26
 97 3 10 7 24 2 2 27
 98 3 10 8 4 1 2 28
 99 3 10 9 10 3 2 29
 100 3 10 10 8 4 2 30
 101 3 11 1 1 1 3 21
 102 3 11 2 23 2 3 22
 103 3 11 3 3 4 3 23
 104 3 11 4 5 3 3 24
 105 3 11 5 16 1 3 25
 106 3 11 6 13 2 3 26
 107 3 11 7 24 4 3 27
 108 3 11 8 4 3 3 28
 109 3 11 9 10 1 3 29
 110 3 11 10 8 2 3 30
 111 3 12 1 1 2 4 21
 112 3 12 2 23 3 4 22
 113 3 12 3 3 1 4 23
 114 3 12 4 5 4 4 24
 115 3 12 5 16 2 4 25
 116 3 12 6 13 3 4 26
 117 3 12 7 24 1 4 27
 118 3 12 8 4 4 4 28
 119 3 12 9 10 2 4 29
 120 3 12 10 8 3 4 30
