 1 1 1 1 17 3 1 10
 2 1 1 2 12 4 1 9
 3 1 1 3 28 2 1 8
 4 1 1 4 21 1 1 7
 5 1 1 5 20 3 1 6
 6 1 1 6 11 4 1 5
 7 1 1 7 14 2 1 4
 8 1 1 8 7 1 1 3
 9 1 1 9 25 3 1 2
 10 1 1 10 19 4 1 1
 11 1 2 1 17 1 2 10
 12 1 2 2 12 2 2 9
 13 1 2 3 28 4 2 8
 14 1 2 4 21 3 2 7
 15 1 2 5 20 1 2 6
 16 1 2 6 11 2 2 5
 17 1 2 7 14 4 2 4
 18 1 2 8 7 3 2 3
 19 1 2 9 25 1 2 2
 20 1 2 10 19 2 2 1
 21 1 3 1 17 2 3 10
 22 1 3 2 12 3 3 9
 23 1 3 3 28 1 3 8
 24 1 3 4 21 4 3 7
 25 1 3 5 20 2 3 6
 26 1 3 6 11 3 3 5
 27 1 3 7 14 1 3 4
 28 1 3 8 7 4 3 3
 29 1 3 9 25 2 3 2
 30 1 3 10 19 3 3 1
 31 1 4 1 17 4 4 10
 32 1 4 2 12 1 4 9
 33 1 4 3 28 3 4 8
 34 1 4 4 21 2 4 7
 35 1 4 5 20 4 4 6
 36 1 4 6 11 1 4 5
 37 1 4 7 14 3 4 4
 38 1 4 8 7 2 4 3
 39 1 4 9 25 4 4 2
 40 1 4 10 19 1 4 1
 41 2 5 1 8 1 1 30
 42 2 5 2 10 2 1 29
 43 2 5 3 4 4 1 28
 44 2 5 4 24 3 1 27
 45 2 5 5 13 1 1 26
 46 2 5 6 16 2 1 25
 47 2 5 7 5 4 1 24
 48 2 5 8 3 3 1 23
 49 2 5 9 23 1 1 22
 50 2 5 10 1 2 1 21
 51 2 6 1 8 2 2 30
 52 2 6 2 10 3 2 29
 53 2 6 3 4 1 2 28
 54 2 6 4 24 4 2 27
 55 2 6 5 13 2 2 26
 56 2 6 6 16 3 2 25
 57 2 6 7 5 1 2 24
 58 2 6 8 3 4 2 23
 59 2 6 9 23 2 2 22
 60 2 6 10 1 3 2 21
 61 2 7 1 8 4 3 30
 62 2 7 2 10 1 3 29
 63 2 7 3 4 3 3 28
 64 2 7 4 24 2 3 27
 65 2 7 5 13 4 3 26
 66 2 7 6 16 1 3 25
 67 2 7 7 5 3 3 24
 68 2 7 8 3 2 3 23
 69 2 7 9 23 4 3 22
 70 2 7 10 1 1 3 21
 71 2 8 1 8 3 4 30
 72 2 8 2 10 4 4 29
 73 2 8 3 4 2 4 28
 74 2 8 4 24 1 4 27
 75 2 8 5 13 3 4 26
 76 2 8 6 16 4 4 25
 77 2 8 7 5 2 4 24
 78 2 8 8 3 1 4 23
 79 2 8 9 23 3 4 22
 80 2 8 10 1 4 4 21
 81 3 9 1 26 2 1 20
 82 3 9 2 18 3 1 19
 83 3 9 3 29 1 1 18
 84 3 9 4 2 4 1 17
 85 3 9 5 30 2 1 16
 86 3 9 6 9 3 1 15
 87 3 9 7 15 1 1 14
 88 3 9 8 6 4 1 13
 89 3 9 9 27 2 1 12
 90 3 9 10 22 3 1 11
 91 3 10 1 26 4 2 20
 92 3 10 2 18 1 2 19
 93 3 10 3 29 3 2 18
 94 3 10 4 2 2 2 17
 95 3 10 5 30 4 2 16
 96 3 10 6 9 1 2 15
 97 3 10 7 15 3 2 14
 98 3 10 8 6 2 2 13
 99 3 10 9 27 4 2 12
 100 3 10 10 22 1 2 11
 101 3 11 1 26 3 3 20
 102 3 11 2 18 4 3 19
 103 3 11 3 29 2 3 18
 104 3 11 4 2 1 3 17
 105 3 11 5 30 3 3 16
 106 3 11 6 9 4 3 15
 107 3 11 7 15 2 3 14
 108 3 11 8 6 1 3 13
 109 3 11 9 27 3 3 12
 110 3 11 10 22 4 3 11
 111 3 12 1 26 1 4 20
 112 3 12 2 18 2 4 19
 113 3 12 3 29 4 4 18
 114 3 12 4 2 3 4 17
 115 3 12 5 30 1 4 16
 116 3 12 6 9 2 4 15
 117 3 12 7 15 4 4 14
 118 3 12 8 6 3 4 13
 119 3 12 9 27 1 4 12
 120 3 12 10 22 2 4 11
