 1 1 1 1 8 1 1 1
 2 1 1 2 10 2 1 2
 3 1 1 3 4 4 1 3
 4 1 1 4 24 3 1 4
 5 1 1 5 13 1 1 5
 6 1 1 6 16 2 1 6
 7 1 1 7 5 4 1 7
 8 1 1 8 3 3 1 8
 9 1 1 9 23 1 1 9
 10 1 1 10 1 2 1 10
 11 1 2 1 26 4 1 11
 12 1 2 2 18 3 1 12
 13 1 2 3 29 1 1 13
 14 1 2 4 2 2 1 14
 15 1 2 5 30 4 1 15
 16 1 2 6 8 2 2 1
 17 1 2 7 10 3 2 2
 18 1 2 8 4 1 2 3
 19 1 2 9 24 4 2 4
 20 1 2 10 13 2 2 5
 21 1 3 1 16 3 2 6
 22 1 3 2 5 1 2 7
 23 1 3 3 3 4 2 8
 24 1 3 4 23 2 2 9
 25 1 3 5 1 3 2 10
 26 1 3 6 26 1 2 11
 27 1 3 7 18 4 2 12
 28 1 3 8 29 2 2 13
 29 1 3 9 2 3 2 14
 30 1 3 10 30 1 2 15
 31 1 4 1 8 3 3 1
 32 1 4 2 10 4 3 2
 33 1 4 3 4 2 3 3
 34 1 4 4 24 1 3 4
 35 1 4 5 13 3 3 5
 36 1 4 6 16 4 3 6
 37 1 4 7 5 2 3 7
 38 1 4 8 3 1 3 8
 39 1 4 9 23 3 3 9
 40 1 4 10 1 4 3 10
 41 1 5 1 26 2 3 11
 42 1 5 2 18 1 3 12
 43 1 5 3 29 3 3 13
 44 1 5 4 2 4 3 14
 45 1 5 5 30 2 3 15
 46 1 5 6 8 4 4 1
 47 1 5 7 10 1 4 2
 48 1 5 8 4 3 4 3
 49 1 5 9 24 2 4 4
 50 1 5 10 13 4 4 5
 51 1 6 1 16 1 4 6
 52 1 6 2 5 3 4 7
 53 1 6 3 3 2 4 8
 54 1 6 4 23 4 4 9
 55 1 6 5 1 1 4 10
 56 1 6 6 26 3 4 11
 57 1 6 7 18 2 4 12
 58 1 6 8 29 4 4 13
 59 1 6 9 2 1 4 14
 60 1 6 10 30 3 4 15
 61 2 7 1 9 1 1 16
 62 2 7 2 15 2 1 17
 63 2 7 3 6 4 1 18
 64 2 7 4 27 3 1 19
 65 2 7 5 22 1 1 20
 66 2 7 6 17 2 1 21
 67 2 7 7 12 4 1 22
 68 2 7 8 28 3 1 23
 69 2 7 9 21 1 1 24
 70 2 7 10 20 2 1 25
 71 2 8 1 11 4 1 26
 72 2 8 2 14 3 1 27
 73 2 8 3 7 1 1 28
 74 2 8 4 25 2 1 29
 75 2 8 5 19 4 1 30
 76 2 8 6 9 2 2 16
 77 2 8 7 15 3 2 17
 78 2 8 8 6 1 2 18
 79 2 8 9 27 4 2 19
 80 2 8 10 22 2 2 20
 81 2 9 1 17 3 2 21
 82 2 9 2 12 1 2 22
 83 2 9 3 28 4 2 23
 84 2 9 4 21 2 2 24
 85 2 9 5 20 3 2 25
 86 2 9 6 11 1 2 26
 87 2 9 7 14 4 2 27
 88 2 9 8 7 2 2 28
 89 2 9 9 25 3 2 29
 90 2 9 10 19 1 2 30
 91 2 10 1 9 3 3 16
 92 2 10 2 15 4 3 17
 93 2 10 3 6 2 3 18
 94 2 10 4 27 1 3 19
 95 2 10 5 22 3 3 20
 96 2 10 6 17 4 3 21
 97 2 10 7 12 2 3 22
 98 2 10 8 28 1 3 23
 99 2 10 9 21 3 3 24
 100 2 10 10 20 4 3 25
 101 2 11 1 11 2 3 26
 102 2 11 2 14 1 3 27
 103 2 11 3 7 3 3 28
 104 2 11 4 25 4 3 29
 105 2 11 5 19 2 3 30
 106 2 11 6 9 4 4 16
 107 2 11 7 15 1 4 17
 108 2 11 8 6 3 4 18
 109 2 11 9 27 2 4 19
 110 2 11 10 22 4 4 20
 111 2 12 1 17 1 4 21
 112 2 12 2 12 3 4 22
 113 2 12 3 28 2 4 23
 114 2 12 4 21 4 4 24
 115 2 12 5 20 1 4 25
 116 2 12 6 11 3 4 26
 117 2 12 7 14 2 4 27
 118 2 12 8 7 4 4 28
 119 2 12 9 25 1 4 29
 120 2 12 10 19 3 4 30
