 1 1 1 1 8 1 1 1
 2 1 1 2 10 2 1 2
 3 1 1 3 4 4 1 3
 4 1 1 4 24 3 1 4
 5 1 1 5 13 1 1 5
 6 1 1 6 16 2 1 6
 7 1 1 7 5 4 1 7
 8 1 1 8 3 3 1 8
 9 1 1 9 23 1 1 9
 10 1 1 10 1 2 1 10
 11 1 2 1 8 2 2 1
 12 1 2 2 10 3 2 2
 13 1 2 3 4 1 2 3
 14 1 2 4 24 4 2 4
 15 1 2 5 13 2 2 5
 16 1 2 6 16 3 2 6
 17 1 2 7 5 1 2 7
 18 1 2 8 3 4 2 8
 19 1 2 9 23 2 2 9
 20 1 2 10 1 3 2 10
 21 1 3 1 8 4 3 1
 22 1 3 2 10 1 3 2
 23 1 3 3 4 3 3 3
 24 1 3 4 24 2 3 4
 25 1 3 5 13 4 3 5
 26 1 3 6 16 1 3 6
 27 1 3 7 5 3 3 7
 28 1 3 8 3 2 3 8
 29 1 3 9 23 4 3 9
 30 1 3 10 1 1 3 10
 31 1 4 1 8 3 4 1
 32 1 4 2 10 4 4 2
 33 1 4 3 4 2 4 3
 34 1 4 4 24 1 4 4
 35 1 4 5 13 3 4 5
 36 1 4 6 16 4 4 6
 37 1 4 7 5 2 4 7
 38 1 4 8 3 1 4 8
 39 1 4 9 23 3 4 9
 40 1 4 10 1 4 4 10
 41 2 5 1 26 2 1 11
 42 2 5 2 18 3 1 12
 43 2 5 3 29 1 1 13
 44 2 5 4 2 4 1 14
 45 2 5 5 30 2 1 15
 46 2 5 6 9 3 1 16
 47 2 5 7 15 1 1 17
 48 2 5 8 6 4 1 18
 49 2 5 9 27 2 1 19
 50 2 5 10 22 3 1 20
 51 2 6 1 26 4 2 11
 52 2 6 2 18 1 2 12
 53 2 6 3 29 3 2 13
 54 2 6 4 2 2 2 14
 55 2 6 5 30 4 2 15
 56 2 6 6 9 1 2 16
 57 2 6 7 15 3 2 17
 58 2 6 8 6 2 2 18
 59 2 6 9 27 4 2 19
 60 2 6 10 22 1 2 20
 61 2 7 1 26 3 3 11
 62 2 7 2 18 4 3 12
 63 2 7 3 29 2 3 13
 64 2 7 4 2 1 3 14
 65 2 7 5 30 3 3 15
 66 2 7 6 9 4 3 16
 67 2 7 7 15 2 3 17
 68 2 7 8 6 1 3 18
 69 2 7 9 27 3 3 19
 70 2 7 10 22 4 3 20
 71 2 8 1 26 1 4 11
 72 2 8 2 18 2 4 12
 73 2 8 3 29 4 4 13
 74 2 8 4 2 3 4 14
 75 2 8 5 30 1 4 15
 76 2 8 6 9 2 4 16
 77 2 8 7 15 4 4 17
 78 2 8 8 6 3 4 18
 79 2 8 9 27 1 4 19
 80 2 8 10 22 2 4 20
 81 3 9 1 17 4 1 21
 82 3 9 2 12 1 1 22
 83 3 9 3 28 3 1 23
 84 3 9 4 21 2 1 24
 85 3 9 5 20 4 1 25
 86 3 9 6 11 1 1 26
 87 3 9 7 14 3 1 27
 88 3 9 8 7 2 1 28
 89 3 9 9 25 4 1 29
 90 3 9 10 19 1 1 30
 91 3 10 1 17 3 2 21
 92 3 10 2 12 4 2 22
 93 3 10 3 28 2 2 23
 94 3 10 4 21 1 2 24
 95 3 10 5 20 3 2 25
 96 3 10 6 11 4 2 26
 97 3 10 7 14 2 2 27
 98 3 10 8 7 1 2 28
 99 3 10 9 25 3 2 29
 100 3 10 10 19 4 2 30
 101 3 11 1 17 1 3 21
 102 3 11 2 12 2 3 22
 103 3 11 3 28 4 3 23
 104 3 11 4 21 3 3 24
 105 3 11 5 20 1 3 25
 106 3 11 6 11 2 3 26
 107 3 11 7 14 4 3 27
 108 3 11 8 7 3 3 28
 109 3 11 9 25 1 3 29
 110 3 11 10 19 2 3 30
 111 3 12 1 17 2 4 21
 112 3 12 2 12 3 4 22
 113 3 12 3 28 1 4 23
 114 3 12 4 21 4 4 24
 115 3 12 5 20 2 4 25
 116 3 12 6 11 3 4 26
 117 3 12 7 14 1 4 27
 118 3 12 8 7 4 4 28
 119 3 12 9 25 2 4 29
 120 3 12 10 19 3 4 30
