 1 1 1 1 22 2 1 11
 2 1 1 2 27 3 1 12
 3 1 1 3 6 1 1 13
 4 1 1 4 15 4 1 14
 5 1 1 5 9 2 1 15
 6 1 1 6 30 3 1 16
 7 1 1 7 2 1 1 17
 8 1 1 8 29 4 1 18
 9 1 1 9 18 2 1 19
 10 1 1 10 26 3 1 20
 11 1 2 1 22 4 2 11
 12 1 2 2 27 1 2 12
 13 1 2 3 6 3 2 13
 14 1 2 4 15 2 2 14
 15 1 2 5 9 4 2 15
 16 1 2 6 30 1 2 16
 17 1 2 7 2 3 2 17
 18 1 2 8 29 2 2 18
 19 1 2 9 18 4 2 19
 20 1 2 10 26 1 2 20
 21 1 3 1 22 3 3 11
 22 1 3 2 27 4 3 12
 23 1 3 3 6 2 3 13
 24 1 3 4 15 1 3 14
 25 1 3 5 9 3 3 15
 26 1 3 6 30 4 3 16
 27 1 3 7 2 2 3 17
 28 1 3 8 29 1 3 18
 29 1 3 9 18 3 3 19
 30 1 3 10 26 4 3 20
 31 1 4 1 22 1 4 11
 32 1 4 2 27 2 4 12
 33 1 4 3 6 4 4 13
 34 1 4 4 15 3 4 14
 35 1 4 5 9 1 4 15
 36 1 4 6 30 2 4 16
 37 1 4 7 2 4 4 17
 38 1 4 8 29 3 4 18
 39 1 4 9 18 1 4 19
 40 1 4 10 26 2 4 20
 41 2 5 1 1 4 1 21
 42 2 5 2 23 1 1 22
 43 2 5 3 3 3 1 23
 44 2 5 4 5 2 1 24
 45 2 5 5 16 4 1 25
 46 2 5 6 13 1 1 26
 47 2 5 7 24 3 1 27
 48 2 5 8 4 2 1 28
 49 2 5 9 10 4 1 29
 50 2 5 10 8 1 1 30
 51 2 6 1 1 3 2 21
 52 2 6 2 23 4 2 22
 53 2 6 3 3 2 2 23
 54 2 6 4 5 1 2 24
 55 2 6 5 16 3 2 25
 56 2 6 6 13 4 2 26
 57 2 6 7 24 2 2 27
 58 2 6 8 4 1 2 28
 59 2 6 9 10 3 2 29
 60 2 6 10 8 4 2 30
 61 2 7 1 1 1 3 21
 62 2 7 2 23 2 3 22
 63 2 7 3 3 4 3 23
 64 2 7 4 5 3 3 24
 65 2 7 5 16 1 3 25
 66 2 7 6 13 2 3 26
 67 2 7 7 24 4 3 27
 68 2 7 8 4 3 3 28
 69 2 7 9 10 1 3 29
 70 2 7 10 8 2 3 30
 71 2 8 1 1 2 4 21
 72 2 8 2 23 3 4 22
 73 2 8 3 3 1 4 23
 74 2 8 4 5 4 4 24
 75 2 8 5 16 2 4 25
 76 2 8 6 13 3 4 26
 77 2 8 7 24 1 4 27
 78 2 8 8 4 4 4 28
 79 2 8 9 10 2 4 29
 80 2 8 10 8 3 4 30
 81 3 9 1 19 3 1 1
 82 3 9 2 25 4 1 2
 83 3 9 3 7 2 1 3
 84 3 9 4 14 1 1 4
 85 3 9 5 11 3 1 5
 86 3 9 6 20 4 1 6
 87 3 9 7 21 2 1 7
 88 3 9 8 28 1 1 8
 89 3 9 9 12 3 1 9
 90 3 9 10 17 4 1 10
 91 3 10 1 19 1 2 1
 92 3 10 2 25 2 2 2
 93 3 10 3 7 4 2 3
 94 3 10 4 14 3 2 4
 95 3 10 5 11 1 2 5
 96 3 10 6 20 2 2 6
 97 3 10 7 21 4 2 7
 98 3 10 8 28 3 2 8
 99 3 10 9 12 1 2 9
 100 3 10 10 17 2 2 10
 101 3 11 1 19 2 3 1
 102 3 11 2 25 3 3 2
 103 3 11 3 7 1 3 3
 104 3 11 4 14 4 3 4
 105 3 11 5 11 2 3 5
 106 3 11 6 20 3 3 6
 107 3 11 7 21 1 3 7
 108 3 11 8 28 4 3 8
 109 3 11 9 12 2 3 9
 110 3 11 10 17 3 3 10
 111 3 12 1 19 4 4 1
 112 3 12 2 25 1 4 2
 113 3 12 3 7 3 4 3
 114 3 12 4 14 2 4 4
 115 3 12 5 11 4 4 5
 116 3 12 6 20 1 4 6
 117 3 12 7 21 3 4 7
 118 3 12 8 28 2 4 8
 119 3 12 9 12 4 4 9
 120 3 12 10 17 1 4 10
